SVM Classification Report
================================================================================

Best Parameters: {'C': 100, 'gamma': 'auto', 'kernel': 'rbf'}
Best CV Score: 0.9878
Validation Accuracy: 0.9980
Training Time: 9413.53 seconds

================================================================================

              precision    recall  f1-score   support

     Class_0     1.0000    1.0000    1.0000        40
     Class_1     1.0000    1.0000    1.0000        40
     Class_2     1.0000    1.0000    1.0000        40
     Class_3     1.0000    1.0000    1.0000        40
     Class_4     1.0000    1.0000    1.0000        40
     Class_5     1.0000    1.0000    1.0000        40
     Class_6     1.0000    1.0000    1.0000        40
     Class_7     1.0000    1.0000    1.0000        40
     Class_8     1.0000    1.0000    1.0000        40
     Class_9     1.0000    1.0000    1.0000        40
    Class_10     1.0000    1.0000    1.0000        40
    Class_11     1.0000    1.0000    1.0000        40
    Class_12     1.0000    1.0000    1.0000        40
    Class_13     1.0000    1.0000    1.0000        40
    Class_14     1.0000    1.0000    1.0000        40
    Class_15     1.0000    1.0000    1.0000        40
    Class_16     1.0000    1.0000    1.0000        40
    Class_17     1.0000    1.0000    1.0000        40
    Class_18     1.0000    1.0000    1.0000        40
    Class_19     1.0000    1.0000    1.0000        40
    Class_20     1.0000    1.0000    1.0000        40
    Class_21     1.0000    1.0000    1.0000        40
    Class_22     1.0000    1.0000    1.0000        40
    Class_23     1.0000    1.0000    1.0000        40
    Class_24     1.0000    1.0000    1.0000        40
    Class_25     1.0000    1.0000    1.0000        40
    Class_26     1.0000    1.0000    1.0000        40
    Class_27     1.0000    1.0000    1.0000        40
    Class_28     1.0000    1.0000    1.0000        40
    Class_29     1.0000    1.0000    1.0000        40
    Class_30     1.0000    1.0000    1.0000        40
    Class_31     1.0000    1.0000    1.0000        40
    Class_32     1.0000    0.9000    0.9474        40
    Class_33     1.0000    1.0000    1.0000        40
    Class_34     1.0000    1.0000    1.0000        40
    Class_35     0.9091    1.0000    0.9524        40
    Class_36     1.0000    1.0000    1.0000        40
    Class_37     1.0000    1.0000    1.0000        40
    Class_38     1.0000    1.0000    1.0000        40
    Class_39     1.0000    1.0000    1.0000        40
    Class_40     1.0000    1.0000    1.0000        40
    Class_41     1.0000    1.0000    1.0000        40
    Class_42     1.0000    1.0000    1.0000        40
    Class_43     1.0000    1.0000    1.0000        40
    Class_44     1.0000    1.0000    1.0000        40
    Class_45     1.0000    1.0000    1.0000        40
    Class_46     1.0000    1.0000    1.0000        40
    Class_47     1.0000    1.0000    1.0000        40
    Class_48     1.0000    1.0000    1.0000        40
    Class_49     1.0000    1.0000    1.0000        40
    Class_50     1.0000    1.0000    1.0000        40
    Class_51     1.0000    1.0000    1.0000        40
    Class_52     1.0000    1.0000    1.0000        40
    Class_53     1.0000    1.0000    1.0000        40
    Class_54     1.0000    1.0000    1.0000        40
    Class_55     1.0000    1.0000    1.0000        40
    Class_56     1.0000    1.0000    1.0000        40
    Class_57     1.0000    1.0000    1.0000        40
    Class_58     1.0000    1.0000    1.0000        40
    Class_59     1.0000    1.0000    1.0000        40
    Class_60     1.0000    1.0000    1.0000        40
    Class_61     1.0000    1.0000    1.0000        40
    Class_62     1.0000    1.0000    1.0000        40
    Class_63     1.0000    1.0000    1.0000        40
    Class_64     1.0000    1.0000    1.0000        40
    Class_65     1.0000    1.0000    1.0000        40
    Class_66     1.0000    1.0000    1.0000        40
    Class_67     1.0000    0.9000    0.9474        40
    Class_68     1.0000    1.0000    1.0000        40
    Class_69     1.0000    1.0000    1.0000        40
    Class_70     1.0000    1.0000    1.0000        40
    Class_71     1.0000    1.0000    1.0000        40
    Class_72     1.0000    1.0000    1.0000        40
    Class_73     1.0000    1.0000    1.0000        40
    Class_74     1.0000    1.0000    1.0000        40
    Class_75     1.0000    1.0000    1.0000        40
    Class_76     1.0000    1.0000    1.0000        40
    Class_77     1.0000    1.0000    1.0000        40
    Class_78     1.0000    1.0000    1.0000        40
    Class_79     1.0000    1.0000    1.0000        40
    Class_80     0.9091    1.0000    0.9524        40
    Class_81     1.0000    1.0000    1.0000        40
    Class_82     1.0000    1.0000    1.0000        40
    Class_83     1.0000    1.0000    1.0000        40
    Class_84     1.0000    1.0000    1.0000        40
    Class_85     1.0000    1.0000    1.0000        40
    Class_86     1.0000    1.0000    1.0000        40
    Class_87     1.0000    1.0000    1.0000        40
    Class_88     1.0000    1.0000    1.0000        40
    Class_89     1.0000    1.0000    1.0000        40
    Class_90     1.0000    1.0000    1.0000        40
    Class_91     1.0000    1.0000    1.0000        40
    Class_92     1.0000    1.0000    1.0000        40
    Class_93     1.0000    1.0000    1.0000        40
    Class_94     1.0000    1.0000    1.0000        40
    Class_95     1.0000    1.0000    1.0000        40
    Class_96     1.0000    1.0000    1.0000        40
    Class_97     1.0000    1.0000    1.0000        40
    Class_98     1.0000    1.0000    1.0000        40
    Class_99     1.0000    1.0000    1.0000        40

    accuracy                         0.9980      4000
   macro avg     0.9982    0.9980    0.9980      4000
weighted avg     0.9982    0.9980    0.9980      4000
