Logistic Regression Classification Report
================================================================================

Best Parameters: {'C': 0.1, 'max_iter': 1000, 'penalty': 'l2', 'solver': 'lbfgs'}
Best CV Score: 1.0000
Validation Accuracy: 0.6095
Training Time: 31.29 seconds

================================================================================

              precision    recall  f1-score   support

     Class_0     0.5526    0.5250    0.5385        40
     Class_1     0.9259    0.6250    0.7463        40
     Class_2     0.7586    0.5500    0.6377        40
     Class_3     0.4375    0.1750    0.2500        40
     Class_4     0.3289    1.0000    0.4950        25
     Class_5     0.9355    0.7250    0.8169        40
     Class_6     0.9524    1.0000    0.9756        40
     Class_7     0.6222    0.7000    0.6588        40
     Class_8     0.3800    1.0000    0.5507        38
     Class_9     0.4808    0.6250    0.5435        40
    Class_10     0.3939    0.6500    0.4906        40
    Class_11     0.8205    1.0000    0.9014        32
    Class_12     0.6129    0.4750    0.5352        40
    Class_13     0.9706    0.8250    0.8919        40
    Class_14     0.9444    0.8500    0.8947        40
    Class_15     0.9500    0.9500    0.9500        40
    Class_16     0.6207    0.4500    0.5217        40
    Class_17     0.4118    0.3500    0.3784        40
    Class_18     0.6136    0.6750    0.6429        40
    Class_19     0.6667    0.3000    0.4138        40
    Class_20     0.3182    0.3500    0.3333        40
    Class_21     0.7353    0.6250    0.6757        40
    Class_22     0.7429    0.6500    0.6933        40
    Class_23     0.5600    0.3500    0.4308        40
    Class_24     0.3571    0.2500    0.2941        40
    Class_25     0.5385    0.3500    0.4242        40
    Class_26     0.4000    0.5500    0.4632        40
    Class_27     0.8889    0.6000    0.7164        40
    Class_28     0.8750    0.7000    0.7778        40
    Class_29     0.6780    1.0000    0.8081        40
    Class_30     0.2314    0.7000    0.3478        40
    Class_31     0.4167    0.5000    0.4545        40
    Class_32     0.3902    0.4000    0.3951        40
    Class_33     0.9118    0.7750    0.8378        40
    Class_34     0.5769    0.3750    0.4545        40
    Class_35     0.2222    0.3500    0.2718        40
    Class_36     0.7018    1.0000    0.8247        40
    Class_37     1.0000    0.7250    0.8406        40
    Class_38     0.4706    1.0000    0.6400        24
    Class_39     0.7714    0.6750    0.7200        40
    Class_40     0.8750    0.8750    0.8750        40
    Class_41     0.8684    0.8250    0.8462        40
    Class_42     0.9500    0.9500    0.9500        40
    Class_43     0.5167    1.0000    0.6813        31
    Class_44     0.6667    0.4000    0.5000        40
    Class_45     0.4318    0.4750    0.4524        40
    Class_46     0.7959    0.9750    0.8764        40
    Class_47     0.4595    0.4250    0.4416        40
    Class_48     0.3673    0.4500    0.4045        40
    Class_49     0.9524    1.0000    0.9756        40
    Class_50     0.8511    1.0000    0.9195        40
    Class_51     0.5833    0.7000    0.6364        40
    Class_52     0.9706    0.8250    0.8919        40
    Class_53     0.7959    0.9750    0.8764        40
    Class_54     0.5500    1.0000    0.7097        22
    Class_55     0.9259    0.6250    0.7463        40
    Class_56     0.7500    0.9000    0.8182        40
    Class_57     0.5435    0.6250    0.5814        40
    Class_58     0.5577    0.7250    0.6304        40
    Class_59     0.8333    0.7500    0.7895        40
    Class_60     0.3333    0.5250    0.4078        40
    Class_61     0.6500    0.6500    0.6500        40
    Class_62     0.6087    0.7000    0.6512        40
    Class_63     0.5000    1.0000    0.6667        22
    Class_64     0.5926    0.4000    0.4776        40
    Class_65     0.5000    0.2750    0.3548        40
    Class_66     0.2564    0.2500    0.2532        40
    Class_67     0.2222    0.1000    0.1379        40
    Class_68     0.3600    0.2250    0.2769        40
    Class_69     0.5641    0.5500    0.5570        40
    Class_70     0.5385    0.1750    0.2642        40
    Class_71     0.4833    0.7250    0.5800        40
    Class_72     0.5741    0.7750    0.6596        40
    Class_73     0.4091    0.4500    0.4286        40
    Class_74     1.0000    0.4000    0.5714        40
    Class_75     0.7083    0.8500    0.7727        40
    Class_76     0.9412    0.8000    0.8649        40
    Class_77     0.7143    1.0000    0.8333        25
    Class_78     0.5217    0.3000    0.3810        40
    Class_79     0.6250    1.0000    0.7692        25
    Class_80     0.2895    0.2750    0.2821        40
    Class_81     0.5600    0.3500    0.4308        40
    Class_82     0.8378    1.0000    0.9118        31
    Class_83     0.8095    0.4250    0.5574        40
    Class_84     0.6176    0.5250    0.5676        40
    Class_85     0.3500    0.1750    0.2333        40
    Class_86     0.7895    0.3750    0.5085        40
    Class_87     0.4103    0.4000    0.4051        40
    Class_88     0.7561    0.7750    0.7654        40
    Class_89     0.6250    0.6250    0.6250        40
    Class_90     0.6667    0.3500    0.4590        40
    Class_91     0.8696    0.5000    0.6349        40
    Class_92     0.6364    0.5250    0.5753        40
    Class_93     0.7188    0.5750    0.6389        40
    Class_94     0.8649    0.8000    0.8312        40
    Class_95     0.8889    0.4000    0.5517        40
    Class_96     0.8966    0.6500    0.7536        40
    Class_97     0.8462    0.8250    0.8354        40
    Class_98     0.3571    0.2500    0.2941        40
    Class_99     0.5833    0.3500    0.4375        40

    accuracy                         0.6095      3875
   macro avg     0.6389    0.6218    0.6070      3875
weighted avg     0.6412    0.6095    0.6035      3875
