Logistic Regression Classification Report
================================================================================

Best Parameters: {'C': 0.1, 'max_iter': 1000, 'penalty': 'l2', 'solver': 'lbfgs'}
Best CV Score: 1.0000
Validation Accuracy: 0.6919
Training Time: 62.10 seconds

================================================================================

              precision    recall  f1-score   support

     Class_0     0.7879    0.6500    0.7123        40
     Class_1     0.9677    0.7500    0.8451        40
     Class_2     0.7200    0.4500    0.5538        40
     Class_3     0.5333    0.4000    0.4571        40
     Class_4     0.4237    1.0000    0.5952        25
     Class_5     0.9286    0.6500    0.7647        40
     Class_6     0.8889    1.0000    0.9412        40
     Class_7     0.8421    0.8000    0.8205        40
     Class_8     0.4578    1.0000    0.6281        38
     Class_9     0.6829    0.7000    0.6914        40
    Class_10     0.6250    0.6250    0.6250        40
    Class_11     0.7805    1.0000    0.8767        32
    Class_12     0.4444    0.6000    0.5106        40
    Class_13     0.9500    0.9500    0.9500        40
    Class_14     0.8718    0.8500    0.8608        40
    Class_15     0.9524    1.0000    0.9756        40
    Class_16     0.7000    0.5250    0.6000        40
    Class_17     0.4792    0.5750    0.5227        40
    Class_18     0.6279    0.6750    0.6506        40
    Class_19     0.7586    0.5500    0.6377        40
    Class_20     0.4146    0.4250    0.4198        40
    Class_21     0.8438    0.6750    0.7500        40
    Class_22     0.7838    0.7250    0.7532        40
    Class_23     0.6800    0.4250    0.5231        40
    Class_24     0.3824    0.3250    0.3514        40
    Class_25     0.4444    0.4000    0.4211        40
    Class_26     0.6744    0.7250    0.6988        40
    Class_27     0.9000    0.6750    0.7714        40
    Class_28     0.9091    0.7500    0.8219        40
    Class_29     0.6780    1.0000    0.8081        40
    Class_30     0.2788    0.7250    0.4028        40
    Class_31     0.3548    0.5500    0.4314        40
    Class_32     0.4167    0.3750    0.3947        40
    Class_33     0.9250    0.9250    0.9250        40
    Class_34     0.7500    0.3750    0.5000        40
    Class_35     0.4545    0.5000    0.4762        40
    Class_36     0.6061    1.0000    0.7547        40
    Class_37     0.9000    0.9000    0.9000        40
    Class_38     0.6857    1.0000    0.8136        24
    Class_39     0.8919    0.8250    0.8571        40
    Class_40     0.8500    0.8500    0.8500        40
    Class_41     0.8684    0.8250    0.8462        40
    Class_42     0.9730    0.9000    0.9351        40
    Class_43     0.7949    1.0000    0.8857        31
    Class_44     0.7812    0.6250    0.6944        40
    Class_45     0.5938    0.4750    0.5278        40
    Class_46     0.7917    0.9500    0.8636        40
    Class_47     0.6000    0.4500    0.5143        40
    Class_48     0.4000    0.4000    0.4000        40
    Class_49     0.8864    0.9750    0.9286        40
    Class_50     0.8511    1.0000    0.9195        40
    Class_51     0.7556    0.8500    0.8000        40
    Class_52     0.8974    0.8750    0.8861        40
    Class_53     0.9286    0.9750    0.9512        40
    Class_54     0.8148    1.0000    0.8980        22
    Class_55     0.9000    0.6750    0.7714        40
    Class_56     0.8478    0.9750    0.9070        40
    Class_57     0.5625    0.6750    0.6136        40
    Class_58     0.8611    0.7750    0.8158        40
    Class_59     0.7778    0.8750    0.8235        40
    Class_60     0.7838    0.7250    0.7532        40
    Class_61     0.7222    0.6500    0.6842        40
    Class_62     0.7500    0.8250    0.7857        40
    Class_63     0.4783    1.0000    0.6471        22
    Class_64     0.6176    0.5250    0.5676        40
    Class_65     0.5417    0.3250    0.4062        40
    Class_66     0.4412    0.3750    0.4054        40
    Class_67     0.5714    0.2000    0.2963        40
    Class_68     0.3000    0.3750    0.3333        40
    Class_69     0.6667    0.5500    0.6027        40
    Class_70     0.5333    0.2000    0.2909        40
    Class_71     0.7838    0.7250    0.7532        40
    Class_72     0.5652    0.6500    0.6047        40
    Class_73     0.3788    0.6250    0.4717        40
    Class_74     1.0000    0.7750    0.8732        40
    Class_75     0.8409    0.9250    0.8810        40
    Class_76     0.9474    0.9000    0.9231        40
    Class_77     0.7353    1.0000    0.8475        25
    Class_78     0.7333    0.2750    0.4000        40
    Class_79     0.5556    1.0000    0.7143        25
    Class_80     0.1429    0.2000    0.1667        40
    Class_81     0.8387    0.6500    0.7324        40
    Class_82     0.7381    1.0000    0.8493        31
    Class_83     0.9545    0.5250    0.6774        40
    Class_84     0.8000    0.8000    0.8000        40
    Class_85     0.3438    0.2750    0.3056        40
    Class_86     0.8462    0.8250    0.8354        40
    Class_87     0.5806    0.4500    0.5070        40
    Class_88     0.9231    0.9000    0.9114        40
    Class_89     0.7576    0.6250    0.6849        40
    Class_90     0.8966    0.6500    0.7536        40
    Class_91     0.9355    0.7250    0.8169        40
    Class_92     0.9474    0.4500    0.6102        40
    Class_93     0.8108    0.7500    0.7792        40
    Class_94     0.9024    0.9250    0.9136        40
    Class_95     0.9000    0.9000    0.9000        40
    Class_96     0.8857    0.7750    0.8267        40
    Class_97     0.8250    0.8250    0.8250        40
    Class_98     0.6538    0.4250    0.5152        40
    Class_99     0.8710    0.6750    0.7606        40

    accuracy                         0.6919      3875
   macro avg     0.7163    0.7015    0.6924      3875
weighted avg     0.7186    0.6919    0.6897      3875
