SVM Classification Report
================================================================================

Best Parameters: {'C': 0.1, 'gamma': 'scale', 'kernel': 'linear'}
Best CV Score: 1.0000
Validation Accuracy: 0.6521
Training Time: 5754.41 seconds

================================================================================

              precision    recall  f1-score   support

     Class_0     0.8710    0.6750    0.7606        40
     Class_1     0.9655    0.7000    0.8116        40
     Class_2     0.9091    0.5000    0.6452        40
     Class_3     0.5556    0.3750    0.4478        40
     Class_4     0.3788    1.0000    0.5495        25
     Class_5     0.9615    0.6250    0.7576        40
     Class_6     0.9286    0.9750    0.9512        40
     Class_7     0.8684    0.8250    0.8462        40
     Class_8     0.3304    1.0000    0.4967        38
     Class_9     0.5918    0.7250    0.6517        40
    Class_10     0.5319    0.6250    0.5747        40
    Class_11     0.7619    1.0000    0.8649        32
    Class_12     0.4694    0.5750    0.5169        40
    Class_13     1.0000    0.9250    0.9610        40
    Class_14     0.9189    0.8500    0.8831        40
    Class_15     1.0000    1.0000    1.0000        40
    Class_16     0.6957    0.4000    0.5079        40
    Class_17     0.5312    0.4250    0.4722        40
    Class_18     0.7097    0.5500    0.6197        40
    Class_19     0.8000    0.5000    0.6154        40
    Class_20     0.2687    0.4500    0.3364        40
    Class_21     0.7742    0.6000    0.6761        40
    Class_22     0.8824    0.7500    0.8108        40
    Class_23     0.4500    0.2250    0.3000        40
    Class_24     0.3571    0.2500    0.2941        40
    Class_25     0.4390    0.4500    0.4444        40
    Class_26     0.6087    0.7000    0.6512        40
    Class_27     0.9375    0.7500    0.8333        40
    Class_28     0.9062    0.7250    0.8056        40
    Class_29     0.6061    1.0000    0.7547        40
    Class_30     0.3103    0.6750    0.4252        40
    Class_31     0.2500    0.5250    0.3387        40
    Class_32     0.5417    0.3250    0.4062        40
    Class_33     0.9474    0.9000    0.9231        40
    Class_34     0.8750    0.3500    0.5000        40
    Class_35     0.4186    0.4500    0.4337        40
    Class_36     0.5263    1.0000    0.6897        40
    Class_37     0.9655    0.7000    0.8116        40
    Class_38     0.3333    1.0000    0.5000        24
    Class_39     0.5957    0.7000    0.6437        40
    Class_40     0.8605    0.9250    0.8916        40
    Class_41     0.8293    0.8500    0.8395        40
    Class_42     0.9268    0.9500    0.9383        40
    Class_43     0.6078    1.0000    0.7561        31
    Class_44     0.7059    0.6000    0.6486        40
    Class_45     0.3585    0.4750    0.4086        40
    Class_46     0.8043    0.9250    0.8605        40
    Class_47     0.2075    0.5500    0.3014        40
    Class_48     0.3590    0.3500    0.3544        40
    Class_49     0.9070    0.9750    0.9398        40
    Class_50     0.8298    0.9750    0.8966        40
    Class_51     0.7949    0.7750    0.7848        40
    Class_52     0.8780    0.9000    0.8889        40
    Class_53     0.9512    0.9750    0.9630        40
    Class_54     0.8800    1.0000    0.9362        22
    Class_55     0.9032    0.7000    0.7887        40
    Class_56     0.7872    0.9250    0.8506        40
    Class_57     0.5789    0.5500    0.5641        40
    Class_58     0.8611    0.7750    0.8158        40
    Class_59     0.8462    0.8250    0.8354        40
    Class_60     0.7879    0.6500    0.7123        40
    Class_61     0.7879    0.6500    0.7123        40
    Class_62     0.6875    0.8250    0.7500        40
    Class_63     0.5946    1.0000    0.7458        22
    Class_64     0.7308    0.4750    0.5758        40
    Class_65     0.6316    0.3000    0.4068        40
    Class_66     0.5333    0.2000    0.2909        40
    Class_67     0.4286    0.1500    0.2222        40
    Class_68     0.5294    0.2250    0.3158        40
    Class_69     0.8261    0.4750    0.6032        40
    Class_70     0.4444    0.2000    0.2759        40
    Class_71     0.4231    0.5500    0.4783        40
    Class_72     0.8214    0.5750    0.6765        40
    Class_73     0.3600    0.6750    0.4696        40
    Class_74     1.0000    0.7000    0.8235        40
    Class_75     0.6852    0.9250    0.7872        40
    Class_76     0.9189    0.8500    0.8831        40
    Class_77     0.7576    1.0000    0.8621        25
    Class_78     0.6111    0.2750    0.3793        40
    Class_79     0.5208    1.0000    0.6849        25
    Class_80     0.3750    0.1500    0.2143        40
    Class_81     0.5676    0.5250    0.5455        40
    Class_82     0.5741    1.0000    0.7294        31
    Class_83     1.0000    0.4250    0.5965        40
    Class_84     0.7812    0.6250    0.6944        40
    Class_85     0.2766    0.3250    0.2989        40
    Class_86     0.8571    0.4500    0.5902        40
    Class_87     0.5161    0.4000    0.4507        40
    Class_88     1.0000    0.9250    0.9610        40
    Class_89     0.7917    0.4750    0.5938        40
    Class_90     0.8000    0.4000    0.5333        40
    Class_91     1.0000    0.7500    0.8571        40
    Class_92     0.9474    0.4500    0.6102        40
    Class_93     0.8333    0.5000    0.6250        40
    Class_94     0.8718    0.8500    0.8608        40
    Class_95     0.7547    1.0000    0.8602        40
    Class_96     0.9091    0.7500    0.8219        40
    Class_97     0.8684    0.8250    0.8462        40
    Class_98     0.8333    0.3750    0.5172        40
    Class_99     0.9259    0.6250    0.7463        40

    accuracy                         0.6521      3875
   macro avg     0.7021    0.6630    0.6538      3875
weighted avg     0.7057    0.6521    0.6514      3875
