SVM Classification Report
================================================================================

Best Parameters: {'C': 0.1, 'gamma': 'scale', 'kernel': 'linear'}
Best CV Score: 1.0000
Validation Accuracy: 0.6366
Training Time: 3165.79 seconds

================================================================================

              precision    recall  f1-score   support

     Class_0     0.8667    0.6500    0.7429        40
     Class_1     1.0000    0.6500    0.7879        40
     Class_2     0.9583    0.5750    0.7188        40
     Class_3     0.7000    0.1750    0.2800        40
     Class_4     0.2660    1.0000    0.4202        25
     Class_5     1.0000    0.6000    0.7500        40
     Class_6     0.9268    0.9500    0.9383        40
     Class_7     0.4500    0.9000    0.6000        40
     Class_8     0.4471    1.0000    0.6179        38
     Class_9     0.1768    0.7250    0.2843        40
    Class_10     0.6889    0.7750    0.7294        40
    Class_11     0.8649    1.0000    0.9275        32
    Class_12     0.4918    0.7500    0.5941        40
    Class_13     0.9744    0.9500    0.9620        40
    Class_14     0.9459    0.8750    0.9091        40
    Class_15     1.0000    0.9750    0.9873        40
    Class_16     0.7742    0.6000    0.6761        40
    Class_17     0.8000    0.3000    0.4364        40
    Class_18     0.7500    0.6750    0.7105        40
    Class_19     0.9444    0.4250    0.5862        40
    Class_20     0.6923    0.4500    0.5455        40
    Class_21     0.8621    0.6250    0.7246        40
    Class_22     0.8000    0.8000    0.8000        40
    Class_23     0.5263    0.2500    0.3390        40
    Class_24     0.4444    0.3000    0.3582        40
    Class_25     0.6923    0.4500    0.5455        40
    Class_26     0.6327    0.7750    0.6966        40
    Class_27     0.9667    0.7250    0.8286        40
    Class_28     0.9310    0.6750    0.7826        40
    Class_29     0.7018    1.0000    0.8247        40
    Class_30     0.9143    0.8000    0.8533        40
    Class_31     0.3962    0.5250    0.4516        40
    Class_32     0.6842    0.3250    0.4407        40
    Class_33     0.9500    0.9500    0.9500        40
    Class_34     0.7647    0.3250    0.4561        40
    Class_35     0.5417    0.3250    0.4062        40
    Class_36     0.9756    1.0000    0.9877        40
    Class_37     1.0000    0.4750    0.6441        40
    Class_38     0.6667    1.0000    0.8000        24
    Class_39     0.9333    0.7000    0.8000        40
    Class_40     0.8788    0.7250    0.7945        40
    Class_41     0.0756    0.8750    0.1392        40
    Class_42     0.6190    0.9750    0.7573        40
    Class_43     0.8158    1.0000    0.8986        31
    Class_44     0.7097    0.5500    0.6197        40
    Class_45     0.4706    0.8000    0.5926        40
    Class_46     0.9091    1.0000    0.9524        40
    Class_47     0.6136    0.6750    0.6429        40
    Class_48     0.3889    0.5250    0.4468        40
    Class_49     0.9730    0.9000    0.9351        40
    Class_50     0.9524    1.0000    0.9756        40
    Class_51     0.8571    0.7500    0.8000        40
    Class_52     0.9565    0.5500    0.6984        40
    Class_53     0.9512    0.9750    0.9630        40
    Class_54     0.8800    1.0000    0.9362        22
    Class_55     0.9211    0.8750    0.8974        40
    Class_56     0.7949    0.7750    0.7848        40
    Class_57     0.7045    0.7750    0.7381        40
    Class_58     1.0000    0.6750    0.8060        40
    Class_59     0.9487    0.9250    0.9367        40
    Class_60     0.8800    0.5500    0.6769        40
    Class_61     0.3118    0.7250    0.4361        40
    Class_62     0.8718    0.8500    0.8608        40
    Class_63     0.5789    1.0000    0.7333        22
    Class_64     0.7368    0.3500    0.4746        40
    Class_65     0.8571    0.3000    0.4444        40
    Class_66     0.5909    0.3250    0.4194        40
    Class_67     0.6667    0.1500    0.2449        40
    Class_68     0.5600    0.3500    0.4308        40
    Class_69     0.9091    0.5000    0.6452        40
    Class_70     0.4783    0.2750    0.3492        40
    Class_71     0.9677    0.7500    0.8451        40
    Class_72     0.7273    0.8000    0.7619        40
    Class_73     0.5556    0.5000    0.5263        40
    Class_74     1.0000    0.7250    0.8406        40
    Class_75     0.7714    0.6750    0.7200        40
    Class_76     1.0000    0.8000    0.8889        40
    Class_77     0.8929    1.0000    0.9434        25
    Class_78     0.9412    0.4000    0.5614        40
    Class_79     0.9259    1.0000    0.9615        25
    Class_80     0.6250    0.3750    0.4688        40
    Class_81     0.8276    0.6000    0.6957        40
    Class_82     0.8857    1.0000    0.9394        31
    Class_83     1.0000    0.3500    0.5185        40
    Class_84     0.9500    0.4750    0.6333        40
    Class_85     0.3846    0.2500    0.3030        40
    Class_86     0.9000    0.4500    0.6000        40
    Class_87     0.6957    0.4000    0.5079        40
    Class_88     0.9231    0.3000    0.4528        40
    Class_89     0.9048    0.4750    0.6230        40
    Class_90     0.7000    0.3500    0.4667        40
    Class_91     0.8235    0.3500    0.4912        40
    Class_92     0.8571    0.3000    0.4444        40
    Class_93     0.8333    0.3750    0.5172        40
    Class_94     0.6889    0.7750    0.7294        40
    Class_95     0.9444    0.4250    0.5862        40
    Class_96     1.0000    0.5750    0.7302        40
    Class_97     0.8421    0.8000    0.8205        40
    Class_98     0.7143    0.2500    0.3704        40
    Class_99     0.8800    0.5500    0.6769        40

    accuracy                         0.6366      3875
   macro avg     0.7713    0.6480    0.6655      3875
weighted avg     0.7726    0.6366    0.6604      3875
