Logistic Regression Classification Report
================================================================================

Best Parameters: {'C': 0.1, 'max_iter': 1000, 'penalty': 'l2', 'solver': 'lbfgs'}
Best CV Score: 1.0000
Validation Accuracy: 0.7017
Training Time: 29.86 seconds

================================================================================

              precision    recall  f1-score   support

     Class_0     0.7429    0.6500    0.6933        40
     Class_1     1.0000    0.7750    0.8732        40
     Class_2     0.8621    0.6250    0.7246        40
     Class_3     0.5385    0.1750    0.2642        40
     Class_4     0.2841    1.0000    0.4425        25
     Class_5     0.9643    0.6750    0.7941        40
     Class_6     0.8837    0.9500    0.9157        40
     Class_7     0.6604    0.8750    0.7527        40
     Class_8     0.4750    1.0000    0.6441        38
     Class_9     0.8919    0.8250    0.8571        40
    Class_10     0.7381    0.7750    0.7561        40
    Class_11     0.8649    1.0000    0.9275        32
    Class_12     0.4444    0.8000    0.5714        40
    Class_13     0.9500    0.9500    0.9500        40
    Class_14     0.9474    0.9000    0.9231        40
    Class_15     0.9756    1.0000    0.9877        40
    Class_16     0.7632    0.7250    0.7436        40
    Class_17     0.3514    0.6500    0.4561        40
    Class_18     0.8235    0.7000    0.7568        40
    Class_19     0.8333    0.3750    0.5172        40
    Class_20     0.5111    0.5750    0.5412        40
    Class_21     0.9333    0.7000    0.8000        40
    Class_22     0.8684    0.8250    0.8462        40
    Class_23     0.6667    0.3500    0.4590        40
    Class_24     0.4615    0.3000    0.3636        40
    Class_25     0.6452    0.5000    0.5634        40
    Class_26     0.6136    0.6750    0.6429        40
    Class_27     0.8810    0.9250    0.9024        40
    Class_28     1.0000    0.7000    0.8235        40
    Class_29     0.9091    1.0000    0.9524        40
    Class_30     0.9211    0.8750    0.8974        40
    Class_31     0.2651    0.5500    0.3577        40
    Class_32     0.6207    0.4500    0.5217        40
    Class_33     0.8636    0.9500    0.9048        40
    Class_34     0.7778    0.3500    0.4828        40
    Class_35     0.4412    0.3750    0.4054        40
    Class_36     0.7692    1.0000    0.8696        40
    Class_37     0.9062    0.7250    0.8056        40
    Class_38     0.8000    1.0000    0.8889        24
    Class_39     0.9697    0.8000    0.8767        40
    Class_40     0.9375    0.7500    0.8333        40
    Class_41     0.3936    0.9250    0.5522        40
    Class_42     0.9070    0.9750    0.9398        40
    Class_43     0.7949    1.0000    0.8857        31
    Class_44     0.8462    0.5500    0.6667        40
    Class_45     0.3538    0.5750    0.4381        40
    Class_46     0.8889    1.0000    0.9412        40
    Class_47     0.5714    0.7000    0.6292        40
    Class_48     0.3333    0.5250    0.4078        40
    Class_49     0.9302    1.0000    0.9639        40
    Class_50     0.9524    1.0000    0.9756        40
    Class_51     0.6809    0.8000    0.7356        40
    Class_52     0.9429    0.8250    0.8800        40
    Class_53     0.9750    0.9750    0.9750        40
    Class_54     0.9167    1.0000    0.9565        22
    Class_55     0.8605    0.9250    0.8916        40
    Class_56     0.7872    0.9250    0.8506        40
    Class_57     0.5962    0.7750    0.6739        40
    Class_58     0.9118    0.7750    0.8378        40
    Class_59     0.9024    0.9250    0.9136        40
    Class_60     0.7500    0.6000    0.6667        40
    Class_61     0.5818    0.8000    0.6737        40
    Class_62     0.7234    0.8500    0.7816        40
    Class_63     0.5500    1.0000    0.7097        22
    Class_64     0.6071    0.4250    0.5000        40
    Class_65     0.4667    0.3500    0.4000        40
    Class_66     0.4194    0.3250    0.3662        40
    Class_67     0.3158    0.1500    0.2034        40
    Class_68     0.3103    0.4500    0.3673        40
    Class_69     0.7778    0.5250    0.6269        40
    Class_70     0.1935    0.1500    0.1690        40
    Class_71     0.7857    0.8250    0.8049        40
    Class_72     0.7174    0.8250    0.7674        40
    Class_73     0.5952    0.6250    0.6098        40
    Class_74     1.0000    0.7750    0.8732        40
    Class_75     0.7556    0.8500    0.8000        40
    Class_76     0.9744    0.9500    0.9620        40
    Class_77     0.8333    1.0000    0.9091        25
    Class_78     0.8500    0.4250    0.5667        40
    Class_79     0.7576    1.0000    0.8621        25
    Class_80     0.3506    0.6750    0.4615        40
    Class_81     0.7500    0.6750    0.7105        40
    Class_82     0.8857    1.0000    0.9394        31
    Class_83     1.0000    0.4000    0.5714        40
    Class_84     0.9565    0.5500    0.6984        40
    Class_85     0.4167    0.2500    0.3125        40
    Class_86     0.7500    0.5250    0.6176        40
    Class_87     0.5926    0.4000    0.4776        40
    Class_88     0.9355    0.7250    0.8169        40
    Class_89     0.9143    0.8000    0.8533        40
    Class_90     0.7500    0.4500    0.5625        40
    Class_91     0.9667    0.7250    0.8286        40
    Class_92     0.7273    0.4000    0.5161        40
    Class_93     0.8846    0.5750    0.6970        40
    Class_94     0.9167    0.8250    0.8684        40
    Class_95     0.7692    0.5000    0.6061        40
    Class_96     0.9688    0.7750    0.8611        40
    Class_97     0.8293    0.8500    0.8395        40
    Class_98     0.6667    0.4000    0.5000        40
    Class_99     0.7436    0.7250    0.7342        40

    accuracy                         0.7017      3875
   macro avg     0.7404    0.7110    0.7050      3875
weighted avg     0.7410    0.7017    0.7012      3875
