SVM Classification Report
================================================================================

Best Parameters: {'C': 0.1, 'gamma': 'scale', 'kernel': 'linear'}
Best CV Score: 1.0000
Validation Accuracy: 0.5861
Training Time: 2004.48 seconds

================================================================================

              precision    recall  f1-score   support

     Class_0     0.7917    0.4750    0.5938        40
     Class_1     0.9231    0.6000    0.7273        40
     Class_2     0.8750    0.5250    0.6562        40
     Class_3     0.3889    0.1750    0.2414        40
     Class_4     0.3012    1.0000    0.4630        25
     Class_5     0.9677    0.7500    0.8451        40
     Class_6     0.9512    0.9750    0.9630        40
     Class_7     0.4355    0.6750    0.5294        40
     Class_8     0.3089    1.0000    0.4720        38
     Class_9     0.4717    0.6250    0.5376        40
    Class_10     0.3860    0.5500    0.4536        40
    Class_11     0.7273    1.0000    0.8421        32
    Class_12     0.3000    0.4500    0.3600        40
    Class_13     0.9250    0.9250    0.9250        40
    Class_14     0.8750    0.8750    0.8750        40
    Class_15     0.9487    0.9250    0.9367        40
    Class_16     0.6667    0.4000    0.5000        40
    Class_17     0.5200    0.3250    0.4000        40
    Class_18     0.5882    0.5000    0.5405        40
    Class_19     0.6500    0.3250    0.4333        40
    Class_20     0.2973    0.2750    0.2857        40
    Class_21     0.6774    0.5250    0.5915        40
    Class_22     0.6667    0.5000    0.5714        40
    Class_23     0.5172    0.3750    0.4348        40
    Class_24     0.3750    0.2250    0.2812        40
    Class_25     0.4872    0.4750    0.4810        40
    Class_26     0.4118    0.5250    0.4615        40
    Class_27     0.8571    0.6000    0.7059        40
    Class_28     0.8667    0.6500    0.7429        40
    Class_29     0.6154    1.0000    0.7619        40
    Class_30     0.3529    0.7500    0.4800        40
    Class_31     0.3279    0.5000    0.3960        40
    Class_32     0.4286    0.3750    0.4000        40
    Class_33     0.8857    0.7750    0.8267        40
    Class_34     0.4074    0.2750    0.3284        40
    Class_35     0.2903    0.2250    0.2535        40
    Class_36     0.6452    1.0000    0.7843        40
    Class_37     1.0000    0.6750    0.8060        40
    Class_38     0.1463    1.0000    0.2553        24
    Class_39     0.6571    0.5750    0.6133        40
    Class_40     0.8372    0.9000    0.8675        40
    Class_41     0.8205    0.8000    0.8101        40
    Class_42     0.8261    0.9500    0.8837        40
    Class_43     0.4697    1.0000    0.6392        31
    Class_44     0.4848    0.4000    0.4384        40
    Class_45     0.3214    0.4500    0.3750        40
    Class_46     0.9070    0.9750    0.9398        40
    Class_47     0.3696    0.4250    0.3953        40
    Class_48     0.7600    0.4750    0.5846        40
    Class_49     0.9091    1.0000    0.9524        40
    Class_50     0.8333    1.0000    0.9091        40
    Class_51     0.6944    0.6250    0.6579        40
    Class_52     0.5882    0.5000    0.5405        40
    Class_53     0.9000    0.9000    0.9000        40
    Class_54     0.7857    1.0000    0.8800        22
    Class_55     0.7647    0.6500    0.7027        40
    Class_56     0.7674    0.8250    0.7952        40
    Class_57     0.4706    0.6000    0.5275        40
    Class_58     0.7222    0.6500    0.6842        40
    Class_59     0.8000    0.8000    0.8000        40
    Class_60     0.5152    0.4250    0.4658        40
    Class_61     0.6279    0.6750    0.6506        40
    Class_62     0.4394    0.7250    0.5472        40
    Class_63     0.6286    1.0000    0.7719        22
    Class_64     0.8333    0.3750    0.5172        40
    Class_65     0.7500    0.2250    0.3462        40
    Class_66     0.3810    0.2000    0.2623        40
    Class_67     0.4118    0.1750    0.2456        40
    Class_68     0.7273    0.2000    0.3137        40
    Class_69     0.6129    0.4750    0.5352        40
    Class_70     0.6000    0.1500    0.2400        40
    Class_71     0.5870    0.6750    0.6279        40
    Class_72     0.6829    0.7000    0.6914        40
    Class_73     0.4103    0.4000    0.4051        40
    Class_74     1.0000    0.4000    0.5714        40
    Class_75     0.6034    0.8750    0.7143        40
    Class_76     0.9630    0.6500    0.7761        40
    Class_77     0.5682    1.0000    0.7246        25
    Class_78     0.4286    0.2250    0.2951        40
    Class_79     0.6757    1.0000    0.8065        25
    Class_80     0.3810    0.2000    0.2623        40
    Class_81     0.6842    0.3250    0.4407        40
    Class_82     0.6889    1.0000    0.8158        31
    Class_83     0.8421    0.4000    0.5424        40
    Class_84     0.4906    0.6500    0.5591        40
    Class_85     0.2326    0.2500    0.2410        40
    Class_86     0.6667    0.3500    0.4590        40
    Class_87     0.3061    0.3750    0.3371        40
    Class_88     0.8966    0.6500    0.7536        40
    Class_89     0.7742    0.6000    0.6761        40
    Class_90     0.6000    0.3000    0.4000        40
    Class_91     0.9130    0.5250    0.6667        40
    Class_92     0.6571    0.5750    0.6133        40
    Class_93     0.7333    0.5500    0.6286        40
    Class_94     0.7027    0.6500    0.6753        40
    Class_95     0.5000    0.5000    0.5000        40
    Class_96     0.8571    0.7500    0.8000        40
    Class_97     0.8649    0.8000    0.8312        40
    Class_98     0.5333    0.2000    0.2909        40
    Class_99     0.7273    0.4000    0.5161        40

    accuracy                         0.5861      3875
   macro avg     0.6344    0.5990    0.5856      3875
weighted avg     0.6374    0.5861    0.5826      3875
